# Number of parameters being adjusted: 4
# 
#      Parameter:   Lower limit:   Upper limit:
#       sma@orbit       22.40000       22.90000
#    teff@primary     6000.00000     7000.00000
#  teff@secondary     6000.00000     7000.00000
#      incl@orbit       80.00000       90.00000
# 
0 22.907548287639 6777.674946492205 6400.587902002730 83.571992955283 -8030104.102298
1 22.570644753660 6971.922298930633 6989.058175812022 82.959529794916 -15882718.733827
2 22.760937348182 6569.754266787016 6387.112094296571 80.484077907608 -11059222.393938
3 22.705392450124 6435.674983854879 6805.074213255217 88.707891930458 -29140873.890643
4 22.591252675917 6279.575327317115 6650.546382632648 84.784682514209 -28753624.310732
5 22.801610481864 6652.015970433363 6872.111985267807 82.500926408184 -23222991.704835
6 22.738572990212 6815.424006209153 5914.545442200977 81.494047635331 -2054772.457072
7 22.419811264015 6152.608348054723 6338.996410569842 87.496131279829 -20150968.921702
8 22.511343838394 6088.015480967362 6225.718617658307 84.184023416562 -18852113.212204
9 23.041340991986 6661.752618272239 6073.791334495249 86.152736564229 -4973826.945968
10 22.583796835815 6806.217315015573 6448.017523945844 83.727961360373 -7723759.079010
11 22.663337519053 6834.769297378722 6889.628335518735 83.564274433988 -17154526.934650
12 22.562298496163 6730.817581556840 6631.753446396686 81.564704178445 -12616468.721474
13 22.375814868916 6484.592342365320 6435.018848605458 84.907607725620 -12856844.905698
14 22.425681560015 6750.602476964308 6916.209870257094 85.249774584199 -19397702.746207
15 22.685301166149 6480.336809910520 6235.936572642254 85.822552303242 -9390131.061785
16 22.543422720629 6416.418342987301 6814.886948650318 85.694725957681 -29507857.972698
17 22.450769185648 6934.597895807706 6932.038125634608 83.820977924970 -14864522.947308
18 22.839538989646 6149.774897070591 6903.454716501112 88.654513055150 -56680753.209985
19 22.623050385080 6785.110679905521 6820.699947647891 83.538776060955 -16384477.119537
20 23.011816072566 7110.158487922830 6785.398997050996 84.475406029981 -9865011.076472
21 22.783744060345 6832.184681181546 6190.380735184835 89.382373457776 -4327744.076044
22 22.626657168339 6600.595281371969 6488.350524592355 83.337202212195 -12353502.155563
23 22.738446886292 6222.843093082855 6226.832237668567 88.910692925860 -15312764.054073
24 22.689989438924 6313.284300076371 6166.814012794372 80.385754427710 -11246973.512024
25 22.499017479894 6499.437436405305 6381.601655008802 85.537644008853 -11601657.211059
26 22.835043873662 6772.326198329819 6452.133181071345 80.954882282459 -8868020.442610
27 22.777019525194 6314.610642496770 6032.855848082970 85.013990552738 -8565499.703062
28 22.882674525051 6242.895406226638 6804.182951474589 86.662849556256 -41832131.694960
29 22.442413582363 7023.607846007942 7020.658687494741 80.092539175776 -14933498.977700
30 22.599084835749 6915.087085616168 6789.645582784307 83.848605206446 -12428612.086261
31 22.436020614187 6688.920970438612 6426.835237920651 88.945445958178 -8820044.324089
0 22.907548287639 6777.674946492205 6400.587902002730 83.571992955283 -8030104.102298
1 22.562143972847 6915.847426296813 6916.964761321313 83.265502404090 -15358341.698923
2 22.801249307913 6506.793716650836 6260.350465125387 79.591021260492 -9703778.191868
3 22.724932302182 6437.998084071584 6803.890415526444 89.071396997227 -29099847.120472
4 22.591252675917 6279.575327317115 6650.546382632648 84.784682514209 -28753624.310732
5 22.821735974039 6695.879426302049 6863.809915089442 82.689966928215 -21402670.365762
6 22.738652725366 7190.111245002599 5717.087382865092 76.804523751820 -275788.081046
7 22.419811264015 6152.608348054723 6338.996410569842 87.496131279829 -20150968.921702
8 22.511343838394 6088.015480967362 6225.718617658307 84.184023416562 -18852113.212204
9 23.126569546076 6877.980011449873 5723.393372089754 85.096142524013 -1027034.075499
10 22.547653778726 6942.556926561700 6499.710442276817 82.516712076774 -6639421.936844
11 22.674621028831 6613.990415601697 6583.613514902567 82.218597959454 -14582263.185325
12 22.786595335304 6920.098203097269 6708.418327079790 83.017063906415 -11136213.116340
13 22.175622833049 6629.091759376746 6549.948858882208 82.697693163238 -11763069.505272
14 22.425681560015 6750.602476964308 6916.209870257094 85.249774584199 -19397702.746207
15 22.655666013230 6623.920632902477 6241.013338154929 84.100541211108 -7153869.175494
16 22.618131534233 6442.605855363729 6654.202345789872 83.926093244806 -21946724.519268
17 22.529179664308 6907.660578590400 6840.809638522775 83.778237286076 -13531727.924800
18 22.839538989646 6149.774897070591 6903.454716501112 88.654513055150 -56680753.209985
19 22.605966890048 6843.314299107204 6823.518559298110 82.611069702768 -14900964.124304
20 23.206853552997 7567.125682120272 6772.827635261398 81.350828793914 -4622729.544103
21 22.783744060345 6832.184681181546 6190.380735184835 89.382373457776 -4327744.076044
22 22.627377640924 6601.174596969219 6482.207582236440 83.356160734105 -12193029.220100
23 22.741278793334 6235.647086142073 6228.343652386809 88.490447286607 -14984105.479327
24 22.676523313125 6435.156399115514 6195.924669125876 81.843178479355 -9399314.495167
25 22.497980177661 6534.059901193069 6394.719707899131 85.651555482640 -11182442.911532
26 22.835043873662 6772.326198329819 6452.133181071345 80.954882282459 -8868020.442610
27 22.787488346592 6289.811449645018 5877.888416313956 84.198507197133 -6223447.505047
28 22.882674525051 6242.895406226638 6804.182951474589 86.662849556256 -41832131.694960
29 22.442413582363 7023.607846007942 7020.658687494741 80.092539175776 -14933498.977700
30 22.599084835749 6915.087085616168 6789.645582784307 83.848605206446 -12428612.086261
31 22.707863894473 6763.346441977111 6149.916491880530 87.430119202842 -4397108.659674
0 22.947272877313 6882.452944643996 6449.992547946052 83.277194149111 -7443739.084037
1 22.580349236890 6885.715138976287 6878.144598487102 82.993632777724 -15167900.314628
2 22.945219957710 6557.259424664257 5950.696683061414 76.182705847099 -4422247.522376
3 22.724932302182 6437.998084071584 6803.890415526444 89.071396997227 -29099847.120472
4 22.595983951601 6321.695085890379 6628.499101123361 84.597589450970 -25797197.568935
5 22.821735974039 6695.879426302049 6863.809915089442 82.689966928215 -21402670.365762
6 22.738652725366 7190.111245002599 5717.087382865092 76.804523751820 -275788.081046
7 22.419811264015 6152.608348054723 6338.996410569842 87.496131279829 -20150968.921702
8 22.511343838394 6088.015480967362 6225.718617658307 84.184023416562 -18852113.212204
9 23.126569546076 6877.980011449873 5723.393372089754 85.096142524013 -1027034.075499
10 22.539795277035 6946.754230759456 6455.409276327515 82.313203048993 -5962616.760848
11 22.675020398257 6576.445639159308 6502.221331637375 82.139781631726 -13412659.125173
12 22.874418964392 6922.445242457848 6670.374204783858 82.627597850494 -10548348.230459
13 22.291499197812 6594.931078855482 6494.149324540042 83.759504948522 -11589615.551307
14 22.425681560015 6750.602476964308 6916.209870257094 85.249774584199 -19397702.746207
15 22.655666013230 6623.920632902477 6241.013338154929 84.100541211108 -7153869.175494
16 22.618131534233 6442.605855363729 6654.202345789872 83.926093244806 -21946724.519268
17 22.529179664308 6907.660578590400 6840.809638522775 83.778237286076 -13531727.924800
18 22.839538989646 6149.774897070591 6903.454716501112 88.654513055150 -56680753.209985
19 22.672902914079 7377.610107144699 7246.400199242726 81.498367610122 -13138831.313882
20 23.284840181981 7772.824040105658 6869.817983680427 80.772084864508 -4046468.557978
21 22.783744060345 6832.184681181546 6190.380735184835 89.382373457776 -4327744.076044
22 22.757416715411 6715.515705695610 6469.112003537006 83.324060407311 -9975089.838768
23 22.713057675197 6380.801767515110 6344.995049274612 85.785538942720 -14251146.597212
24 22.721714525175 6223.443468239252 5875.356521248212 81.302591803748 -7019906.661765
25 22.497980177661 6534.059901193069 6394.719707899131 85.651555482640 -11182442.911532
26 22.835043873662 6772.326198329819 6452.133181071345 80.954882282459 -8868020.442610
27 22.779650626487 6232.772782228118 5806.437390721132 84.340141388641 -5871482.828083
28 22.864046158338 6381.368545166793 6822.410377722085 85.448375085271 -34027288.580350
29 22.442413582363 7023.607846007942 7020.658687494741 80.092539175776 -14933498.977700
30 22.714297528838 6795.982476276085 6510.397520485355 81.296974776293 -9281336.700960
31 22.707863894473 6763.346441977111 6149.916491880530 87.430119202842 -4397108.659674
0 23.065927216807 7136.591397404875 6503.184692353731 82.006456844184 -5405653.335652
1 22.580349236890 6885.715138976287 6878.144598487102 82.993632777724 -15167900.314628
2 23.067205494031 6993.868586753850 6280.828685773786 77.831129058707 -4251810.167091
3 22.717249861440 6584.436435128617 6509.538651683168 88.332662628369 -13527085.857253
4 22.608200354315 6312.148630367165 6555.321251096033 84.277436467841 -23207168.669121
5 22.734094243996 6652.074363059803 6736.825694993310 83.491678426483 -18241886.813142
6 22.636231172691 7080.840428701151 5500.926325848189 76.060523199314 -79251.432270
7 22.419811264015 6152.608348054723 6338.996410569842 87.496131279829 -20150968.921702
8 22.511343838394 6088.015480967362 6225.718617658307 84.184023416562 -18852113.212204
9 23.709742940480 6849.005772656315 4632.569009396622 86.382684687796 -412480.778044
10 22.532212649935 6971.522481287886 6460.241426402226 82.161240311978 -5734254.560476
11 22.675020398257 6576.445639159308 6502.221331637375 82.139781631726 -13412659.125173
12 22.874418964392 6922.445242457848 6670.374204783858 82.627597850494 -10548348.230459
13 22.291499197812 6594.931078855482 6494.149324540042 83.759504948522 -11589615.551307
14 22.597468836637 6499.290818860060 6377.618196612862 84.808313947688 -11806932.973083
15 22.622151272874 6525.567248275843 6087.028901061890 85.703105977840 -6019745.696244
16 22.674519803938 6529.995362317002 6635.185583227055 83.684364752759 -18473561.139226
17 22.471043546554 6980.172697273817 6870.310822844180 83.859536623732 -12426200.469875
18 22.807410257844 6143.728946334807 6837.107601777476 88.216873552947 -51494875.493377
19 22.672902914079 7377.610107144699 7246.400199242726 81.498367610122 -13138831.313882
20 23.284840181981 7772.824040105658 6869.817983680427 80.772084864508 -4046468.557978
21 22.783744060345 6832.184681181546 6190.380735184835 89.382373457776 -4327744.076044
22 22.784722032015 6689.269500292417 6406.035685968091 83.375015168263 -9268341.126241
23 22.713057675197 6380.801767515110 6344.995049274612 85.785538942720 -14251146.597212
24 22.743645072736 6057.651078288135 5580.940725391223 80.909393931732 -4723928.688522
25 22.513031405387 6726.402097860294 6423.528094809768 84.116944483819 -8337666.652126
26 22.835043873662 6772.326198329819 6452.133181071345 80.954882282459 -8868020.442610
27 22.779650626487 6232.772782228118 5806.437390721132 84.340141388641 -5871482.828083
28 22.831140155475 6353.999638798194 6766.740937361314 85.330415102367 -32410199.072581
29 22.442413582363 7023.607846007942 7020.658687494741 80.092539175776 -14933498.977700
30 22.714297528838 6795.982476276085 6510.397520485355 81.296974776293 -9281336.700960
31 22.707863894473 6763.346441977111 6149.916491880530 87.430119202842 -4397108.659674
0 23.220931354883 7286.737400564037 6500.005159322570 82.319208185087 -4227406.164441
1 22.606941134902 7027.043082107918 6983.949312845711 82.564023279256 -14533437.684390
2 23.302673745734 7107.514944134389 6220.195788903669 75.160289697912 -3117212.111725
3 22.717249861440 6584.436435128617 6509.538651683168 88.332662628369 -13527085.857253
4 22.616475553902 6329.827764781006 6548.322859380225 84.235131655974 -22270989.789986
5 22.745912428740 6666.152259231449 6703.496709678127 83.194695410431 -16832492.285115
6 22.636231172691 7080.840428701151 5500.926325848189 76.060523199314 -79251.432270
7 22.461363865211 6230.200048054009 6322.027981362475 87.711495956412 -16966291.300130
8 22.557431550350 6213.922337797317 6219.739760016819 85.063538336291 -14709196.954758
9 23.372013142021 6895.535368665392 5268.969516116695 84.706427791790 -41656.916786
10 22.532212649935 6971.522481287886 6460.241426402226 82.161240311978 -5734254.560476
11 22.675020398257 6576.445639159308 6502.221331637375 82.139781631726 -13412659.125173
12 22.830531864592 6603.058781107087 6270.286137207213 83.420674639983 -8320260.217097
13 22.343686371860 6619.747412080514 6496.154884561299 83.455547999629 -11277007.320676
14 22.643310090198 6608.939212645136 6283.065670553016 85.897011592720 -8034049.622162
15 22.622151272874 6525.567248275843 6087.028901061890 85.703105977840 -6019745.696244
16 22.674519803938 6529.995362317002 6635.185583227055 83.684364752759 -18473561.139226
17 22.472315580704 7078.728712425149 6942.362213102878 83.353339814090 -12014855.338269
18 22.807410257844 6143.728946334807 6837.107601777476 88.216873552947 -51494875.493377
19 22.672902914079 7377.610107144699 7246.400199242726 81.498367610122 -13138831.313882
20 23.284840181981 7772.824040105658 6869.817983680427 80.772084864508 -4046468.557978
21 22.784450183081 6834.305377108110 6188.869685212305 89.404102500147 -4293857.618612
22 22.806630996819 6711.802017976493 6386.826054776332 83.621708742002 -8586740.131187
23 22.845537967658 6460.071733830602 6357.083880041455 84.771801860920 -12995146.756646
24 22.743645072736 6057.651078288135 5580.940725391223 80.909393931732 -4723928.688522
25 22.468126099070 6582.643026689416 6155.548551132712 84.859512934785 -6039399.065917
26 22.835043873662 6772.326198329819 6452.133181071345 80.954882282459 -8868020.442610
27 22.779650626487 6232.772782228118 5806.437390721132 84.340141388641 -5871482.828083
28 22.687949865954 6432.063450947709 6687.255873252727 84.779670042471 -24043660.611997
29 22.303937151674 7186.702942999640 7165.369150689777 78.677128448706 -14113219.066631
30 22.714297528838 6795.982476276085 6510.397520485355 81.296974776293 -9281336.700960
31 22.707863894473 6763.346441977111 6149.916491880530 87.430119202842 -4397108.659674
0 23.440096757184 7590.266257088982 6445.784358285359 81.771644562320 -2162117.231120
1 22.610097863363 7020.248930741002 6970.024903075436 82.526766736596 -14352719.218272
2 23.302673745734 7107.514944134389 6220.195788903669 75.160289697912 -3117212.111725
3 22.712613181115 6672.818219517409 6331.884820301763 87.886804960363 -8028026.811921
4 22.554391051207 6652.352400921857 6718.021401736674 83.855375703134 -16888056.657595
5 22.745912428740 6666.152259231449 6703.496709678127 83.194695410431 -16832492.285115
6 22.636231172691 7080.840428701151 5500.926325848189 76.060523199314 -79251.432270
7 22.461363865211 6230.200048054009 6322.027981362475 87.711495956412 -16966291.300130
8 22.629597483030 6368.580380623993 6284.233772440553 84.637784875476 -12691575.176188
9 23.372013142021 6895.535368665392 5268.969516116695 84.706427791790 -41656.916786
10 22.532212649935 6971.522481287886 6460.241426402226 82.161240311978 -5734254.560476
11 22.694721569210 6427.507077182445 6237.734733240774 81.786554769818 -10494839.682435
12 22.830531864592 6603.058781107087 6270.286137207213 83.420674639983 -8320260.217097
13 22.199763713367 6288.434735290469 6168.172276266743 84.311162978479 -10416150.897143
14 22.643310090198 6608.939212645136 6283.065670553016 85.897011592720 -8034049.622162
15 22.622151272874 6525.567248275843 6087.028901061890 85.703105977840 -6019745.696244
16 22.681360498063 6533.198989636326 6619.185759328396 83.672802676098 -17888011.274642
17 22.472315580704 7078.728712425149 6942.362213102878 83.353339814090 -12014855.338269
18 22.807410257844 6143.728946334807 6837.107601777476 88.216873552947 -51494875.493377
19 22.672902914079 7377.610107144699 7246.400199242726 81.498367610122 -13138831.313882
20 23.284840181981 7772.824040105658 6869.817983680427 80.772084864508 -4046468.557978
21 22.784450183081 6834.305377108110 6188.869685212305 89.404102500147 -4293857.618612
22 22.806630996819 6711.802017976493 6386.826054776332 83.621708742002 -8586740.131187
23 22.858846923801 6432.541476987383 6310.806658284892 84.982487201355 -12542327.033089
24 22.772811915748 5965.998811264658 5405.699780383545 80.455374581711 -3489930.327177
25 22.340282402976 6188.584697658846 5422.123368085757 86.960120034461 -1697230.427379
26 22.835043873662 6772.326198329819 6452.133181071345 80.954882282459 -8868020.442610
27 22.779650626487 6232.772782228118 5806.437390721132 84.340141388641 -5871482.828083
28 22.941323984647 6710.468003682518 6494.745152356973 80.814797199007 -11120438.171477
29 22.303937151674 7186.702942999640 7165.369150689777 78.677128448706 -14113219.066631
30 22.714297528838 6795.982476276085 6510.397520485355 81.296974776293 -9281336.700960
31 22.732844227009 6889.344137603851 6107.046373371850 88.321350048426 -3035561.706215
0 23.821857157641 8008.048589168037 6411.798724637786 82.021314333961 -880192.067910
1 22.610097863363 7020.248930741002 6970.024903075436 82.526766736596 -14352719.218272
2 23.566317013632 7351.215743396388 6050.891464466074 71.548155644758 -1170000.888024
3 22.712613181115 6672.818219517409 6331.884820301763 87.886804960363 -8028026.811921
4 22.650651552074 6582.854284647516 6589.271396584635 84.211737091164 -15451606.099366
5 22.740370667526 6688.910138061958 6669.648441917720 82.862044836251 -15209950.127054
6 22.577075404748 7430.640205279589 5374.913144377064 72.645455303697 -39874.653429
7 22.461562669456 6245.603214848536 6333.288781428591 87.632383241903 -16817378.573338
8 22.622864533030 6347.168009981367 6240.665696305313 84.763302620041 -12092791.934076
9 23.372013142021 6895.535368665392 5268.969516116695 84.706427791790 -41656.916786
10 22.406590856167 7092.628914950134 6425.638341592997 82.757503920134 -4032620.271313
11 22.901339787267 6898.542878435914 6459.046029043363 81.431358442213 -7281936.763191
12 22.830531864592 6603.058781107087 6270.286137207213 83.420674639983 -8320260.217097
13 22.199763713367 6288.434735290469 6168.172276266743 84.311162978479 -10416150.897143
14 22.610609910048 6522.778216647765 6178.345841397651 88.016006663881 -7450451.437438
15 22.611804248051 6513.574248181143 6069.284070879354 85.933879561599 -5897560.666157
16 22.681360498063 6533.198989636326 6619.185759328396 83.672802676098 -17888011.274642
17 22.399571604543 7432.212635603628 7281.416015213494 82.672057751620 -11893059.555358
18 22.807410257844 6143.728946334807 6837.107601777476 88.216873552947 -51494875.493377
19 22.701651157601 7317.320622518345 7147.313527696286 81.489934663854 -12317997.313750
20 23.284840181981 7772.824040105658 6869.817983680427 80.772084864508 -4046468.557978
21 22.784450183081 6834.305377108110 6188.869685212305 89.404102500147 -4293857.618612
22 22.806630996819 6711.802017976493 6386.826054776332 83.621708742002 -8586740.131187
23 22.764994611763 6463.326089015746 6219.051445673598 85.343924238067 -9558338.787683
24 22.791701588961 5955.370195361687 5380.566019870330 80.328274309009 -3322212.655706
25 22.340282402976 6188.584697658846 5422.123368085757 86.960120034461 -1697230.427379
26 22.835043873662 6772.326198329819 6452.133181071345 80.954882282459 -8868020.442610
27 22.779650626487 6232.772782228118 5806.437390721132 84.340141388641 -5871482.828083
28 22.941323984647 6710.468003682518 6494.745152356973 80.814797199007 -11120438.171477
29 22.303937151674 7186.702942999640 7165.369150689777 78.677128448706 -14113219.066631
30 22.714297528838 6795.982476276085 6510.397520485355 81.296974776293 -9281336.700960
31 22.732844227009 6889.344137603851 6107.046373371850 88.321350048426 -3035561.706215
0 23.903610740936 8052.285406282467 6371.212209964437 82.201428686661 -706560.793511
1 22.610097863363 7020.248930741002 6970.024903075436 82.526766736596 -14352719.218272
2 23.566317013632 7351.215743396388 6050.891464466074 71.548155644758 -1170000.888024
3 22.712613181115 6672.818219517409 6331.884820301763 87.886804960363 -8028026.811921
4 22.650651552074 6582.854284647516 6589.271396584635 84.211737091164 -15451606.099366
5 22.733629730544 6716.592569892598 6628.475783787269 82.457412360977 -13417301.880037
6 22.577075404748 7430.640205279589 5374.913144377064 72.645455303697 -39874.653429
7 22.461562669456 6245.603214848536 6333.288781428591 87.632383241903 -16817378.573338
8 22.622864533030 6347.168009981367 6240.665696305313 84.763302620041 -12092791.934076
9 23.372013142021 6895.535368665392 5268.969516116695 84.706427791790 -41656.916786
10 22.406590856167 7092.628914950134 6425.638341592997 82.757503920134 -4032620.271313
11 22.878765409347 7004.726660482879 6438.890928931398 81.779458127261 -5665736.707834
12 22.830531864592 6603.058781107087 6270.286137207213 83.420674639983 -8320260.217097
13 22.130800486028 6304.857733679370 6092.253241842295 83.867894751721 -8383771.002919
14 22.648151688654 6441.502934097028 6057.517989740918 89.159238623046 -6737476.009762
15 22.577655626280 6208.089829461020 5659.551333670478 87.622914768795 -3898335.599660
16 22.681360498063 6533.198989636326 6619.185759328396 83.672802676098 -17888011.274642
17 22.521090476540 6947.902213734784 6683.111014122193 85.843329113758 -9425379.051899
18 23.049201907153 6528.440535674969 6586.615041125049 82.906133117253 -18565527.139311
19 22.701651157601 7317.320622518345 7147.313527696286 81.489934663854 -12317997.313750
20 23.451401747877 7848.049860216408 6735.602550782236 81.156837729323 -2753403.836262
21 22.759792909697 6759.638189563707 6125.756093137230 89.191721509467 -4234303.680796
22 22.915316948067 6541.225965309241 6064.307808212139 84.227229100459 -6007205.015752
23 22.764994611763 6463.326089015746 6219.051445673598 85.343924238067 -9558338.787683
24 23.158579947837 4871.952941228795 4384.970764658043 78.014052197882 -1784311.656459
25 22.926285813653 6744.283331482086 5722.653423111535 79.593718124509 -1376011.465541
26 22.835043873662 6772.326198329819 6452.133181071345 80.954882282459 -8868020.442610
27 22.779650626487 6232.772782228118 5806.437390721132 84.340141388641 -5871482.828083
28 23.109940931633 6705.495763788705 6386.175703058136 79.481237178857 -9403914.554088
29 22.303937151674 7186.702942999640 7165.369150689777 78.677128448706 -14113219.066631
30 22.714297528838 6795.982476276085 6510.397520485355 81.296974776293 -9281336.700960
31 22.732844227009 6889.344137603851 6107.046373371850 88.321350048426 -3035561.706215
0 23.903610740936 8052.285406282467 6371.212209964437 82.201428686661 -706560.793511
1 22.640815056644 6966.772007462883 6796.782241736089 83.894405205489 -11647764.545409
2 24.300919596982 7634.671195660097 5606.557056621900 61.501270125586 -30064.765752
3 22.718131483336 6697.470858303025 6281.155946645717 88.630873497657 -6876499.985408
4 22.664349719866 6628.724673924023 6572.295813144570 83.584409091945 -13878024.964574
5 22.733629730544 6716.592569892598 6628.475783787269 82.457412360977 -13417301.880037
6 22.577075404748 7430.640205279589 5374.913144377064 72.645455303697 -39874.653429
7 22.474413899931 6276.098700936708 6322.571158913747 87.665021181982 -15624310.773331
8 22.578541312790 6206.209704941453 5953.855689680092 85.589589854723 -8471969.489049
9 23.418424382127 7335.565188173257 5461.195839974568 86.161690885963 -10358.115233
10 22.050532529275 7358.810840906684 6403.620272328176 84.255540853290 -1919471.456939
11 22.878765409347 7004.726660482879 6438.890928931398 81.779458127261 -5665736.707834
12 22.830531864592 6603.058781107087 6270.286137207213 83.420674639983 -8320260.217097
13 22.267860156922 6403.956001428171 6099.553631480891 85.027975407477 -7225158.534565
14 22.648151688654 6441.502934097028 6057.517989740918 89.159238623046 -6737476.009762
15 22.577655626280 6208.089829461020 5659.551333670478 87.622914768795 -3898335.599660
16 22.681360498063 6533.198989636326 6619.185759328396 83.672802676098 -17888011.274642
17 22.536311107774 7079.144267393426 6327.451053596222 82.255221086012 -3395831.518530
18 23.049201907153 6528.440535674969 6586.615041125049 82.906133117253 -18565527.139311
19 22.701651157601 7317.320622518345 7147.313527696286 81.489934663854 -12317997.313750
20 23.142207761866 7740.067073183999 6662.328812879201 81.840770503091 -2533840.337281
21 22.795825042578 6869.657682017848 6159.929244079985 89.907811677248 -3717903.092194
22 22.915316948067 6541.225965309241 6064.307808212139 84.227229100459 -6007205.015752
23 22.764994611763 6463.326089015746 6219.051445673598 85.343924238067 -9558338.787683
24 23.165775130816 4902.667207311370 4404.153019634757 78.054492056632 -1731737.960886
25 23.120150396992 6945.146486659812 5465.273403780400 76.130923122822 -194357.233367
26 22.835043873662 6772.326198329819 6452.133181071345 80.954882282459 -8868020.442610
27 22.779650626487 6232.772782228118 5806.437390721132 84.340141388641 -5871482.828083
28 23.109940931633 6705.495763788705 6386.175703058136 79.481237178857 -9403914.554088
29 22.382743248987 7257.083943878230 6648.785154560665 76.936864624514 -4848360.314085
30 22.714297528838 6795.982476276085 6510.397520485355 81.296974776293 -9281336.700960
31 22.886756249192 7570.748001461965 6259.848982614965 91.046189936628 -1033642.780383
0 23.903610740936 8052.285406282467 6371.212209964437 82.201428686661 -706560.793511
1 22.750009312002 7135.181675162306 6767.500718707463 83.447160740682 -8541508.445818
2 24.300919596982 7634.671195660097 5606.557056621900 61.501270125586 -30064.765752
3 22.722384352698 6537.514064132411 6057.637607348106 90.473645325875 -5636440.332383
4 22.664349719866 6628.724673924023 6572.295813144570 83.584409091945 -13878024.964574
5 22.748857253204 6724.961078109042 6601.997613226391 82.231804668456 -12635169.561004
6 22.846187929914 6275.026966628524 4931.149206784217 75.118090290331 -29928.809215
7 22.474413899931 6276.098700936708 6322.571158913747 87.665021181982 -15624310.773331
8 22.795942341132 6502.817758445925 5757.739534167471 81.792896013644 -2757889.370471
9 23.418424382127 7335.565188173257 5461.195839974568 86.161690885963 -10358.115233
10 21.638666176501 7214.970796566770 6306.014922451806 85.166583466728 -1719516.738189
11 22.900841331558 6999.277741328950 6349.848503557621 81.262869997312 -4699966.731013
12 22.830480096010 6601.116689666416 6268.199713291763 83.448965933786 -8314386.694470
13 21.897605467982 6078.827215999020 5758.818545451737 88.122296279869 -5759511.405575
14 22.557238602231 6280.575049336525 5865.558732635950 93.150220680412 -5763162.045455
15 22.577655626280 6208.089829461020 5659.551333670478 87.622914768795 -3898335.599660
16 22.681360498063 6533.198989636326 6619.185759328396 83.672802676098 -17888011.274642
17 22.536311107774 7079.144267393426 6327.451053596222 82.255221086012 -3395831.518530
18 23.016589369144 6529.345966817377 6533.829331087442 83.661281597403 -16742253.421208
19 22.701651157601 7317.320622518345 7147.313527696286 81.489934663854 -12317997.313750
20 23.596238897628 8872.870077086758 7280.751884449013 73.062799178805 -1978907.568541
21 22.817364287218 6936.014979043195 5957.198417754254 93.427998490838 -1802053.758813
22 23.030765386385 6413.796127987486 5691.392020160294 85.611159514647 -3006115.952563
23 22.665698283193 6375.980806809764 6050.100719963761 89.074918966945 -7624583.688078
24 23.165775130816 4902.667207311370 4404.153019634757 78.054492056632 -1731737.960886
25 24.217164695941 7722.512295325236 5201.869409244887 65.370821383278 -162689.901652
26 22.717548318593 6564.343916679361 6204.046130551580 86.112804761538 -7506098.831405
27 22.779650626487 6232.772782228118 5806.437390721132 84.340141388641 -5871482.828083
28 23.109940931633 6705.495763788705 6386.175703058136 79.481237178857 -9403914.554088
29 22.382743248987 7257.083943878230 6648.785154560665 76.936864624514 -4848360.314085
30 22.714297528838 6795.982476276085 6510.397520485355 81.296974776293 -9281336.700960
31 22.886756249192 7570.748001461965 6259.848982614965 91.046189936628 -1033642.780383
